% Layout
% step ex ey ez bx by bz "ionBot" "ionTop" "electronBot" "electronTop"
% timestep = 1.395380e-01
0 0.000000e+00 0.000000e+00 0.000000e+00 4.768677e+07 1.782227e+06 7.416181e+05 2.122664e+05 2.122722e+05 2.122775e+05 2.122658e+05
100 3.574985e+05 1.191821e+04 8.197359e+04 4.764752e+07 1.697326e+06 3.224379e+05 2.649278e+05 2.649787e+05 2.649718e+05 2.649581e+05
200 3.903722e+05 1.510040e+04 2.671691e+05 4.763673e+07 1.515828e+06 2.299736e+05 2.861906e+05 2.862351e+05 2.862530e+05 2.862179e+05
300 3.350443e+05 1.807223e+04 4.458166e+05 4.759444e+07 1.361191e+06 2.239655e+05 3.092512e+05 3.092506e+05 3.092666e+05 3.092850e+05
400 4.308770e+05 2.277885e+04 5.359262e+05 4.752380e+07 1.315034e+06 1.149020e+05 3.301031e+05 3.300627e+05 3.300859e+05 3.301222e+05
500 2.248563e+05 2.852405e+04 5.368801e+05 4.743186e+07 1.378607e+06 2.168327e+05 3.478555e+05 3.479440e+05 3.479859e+05 3.478897e+05
600 2.306554e+05 3.425568e+04 5.106388e+05 4.731969e+07 1.478699e+06 1.742415e+05 3.664868e+05 3.670665e+05 3.671108e+05 3.665115e+05
700 1.314706e+05 3.872924e+04 5.209666e+05 4.719472e+07 1.541981e+06 2.160187e+05 3.880798e+05 3.888161e+05 3.888530e+05 3.880891e+05
800 8.377244e+04 4.161802e+04 5.806220e+05 4.706210e+07 1.552881e+06 2.251662e+05 4.117004e+05 4.116668e+05 4.117015e+05 4.117501e+05
900 1.950953e+05 4.347778e+04 6.472487e+05 4.692390e+07 1.551458e+06 1.243740e+05 4.366615e+05 4.354310e+05 4.354308e+05 4.367092e+05
1000 1.640438e+05 4.486389e+04 6.779125e+05 4.677739e+07 1.586299e+06 1.303792e+05 4.633964e+05 4.605304e+05 4.605433e+05 4.634665e+05
1100 1.928214e+05 4.677676e+04 6.688096e+05 4.662105e+07 1.663554e+06 9.773741e+04 4.909374e+05 4.864378e+05 4.864050e+05 4.910019e+05
1200 1.436127e+05 4.926565e+04 6.562886e+05 4.645506e+07 1.747122e+06 1.208782e+05 5.188497e+05 5.126137e+05 5.125730e+05 5.189159e+05
1300 9.880553e+04 5.379802e+04 6.747966e+05 4.627751e+07 1.801209e+06 1.441964e+05 5.478516e+05 5.388708e+05 5.387935e+05 5.479716e+05
1400 9.522298e+04 6.321553e+04 7.246033e+05 4.608467e+07 1.826873e+06 1.476308e+05 5.774841e+05 5.647672e+05 5.645885e+05 5.776958e+05
1500 6.137614e+04 7.851450e+04 7.729961e+05 4.587241e+07 1.856074e+06 1.833248e+05 6.078371e+05 5.906547e+05 5.906308e+05 6.080620e+05
1600 1.040274e+05 9.924985e+04 7.907298e+05 4.563901e+07 1.916800e+06 1.764056e+05 6.373367e+05 6.178448e+05 6.181592e+05 6.375249e+05
1700 1.007228e+05 1.233301e+05 7.745726e+05 4.537091e+07 2.008605e+06 2.163392e+05 6.702459e+05 6.519919e+05 6.519618e+05 6.707914e+05
1800 1.007846e+05 1.521286e+05 7.473541e+05 4.507009e+07 2.103610e+06 2.677621e+05 7.065832e+05 6.935384e+05 6.933289e+05 7.070896e+05
1900 9.368717e+04 1.896944e+05 7.364988e+05 4.474578e+07 2.173087e+06 3.339254e+05 7.483665e+05 7.359261e+05 7.356228e+05 7.488303e+05
2000 6.857095e+04 2.256717e+05 7.277283e+05 4.439403e+07 2.224572e+06 4.260192e+05 7.967432e+05 7.871907e+05 7.867350e+05 7.975692e+05
2100 8.110353e+04 2.549701e+05 7.029020e+05 4.399118e+07 2.291724e+06 5.342690e+05 8.509872e+05 8.396925e+05 8.394705e+05 8.516371e+05
2200 7.974454e+04 2.772975e+05 6.451516e+05 4.355900e+07 2.411166e+06 6.850955e+05 9.055390e+05 8.834572e+05 8.835561e+05 9.062758e+05
2300 9.971196e+04 3.033657e+05 5.726030e+05 4.315599e+07 2.509541e+06 8.203229e+05 9.586594e+05 9.306899e+05 9.311267e+05 9.595439e+05
2400 9.278813e+04 3.247320e+05 5.358117e+05 4.280189e+07 2.565345e+06 9.499891e+05 1.010314e+06 9.749687e+05 9.756031e+05 1.011284e+06
2500 7.444056e+04 3.516665e+05 5.409995e+05 4.252773e+07 2.571553e+06 9.991035e+05 1.060525e+06 1.027358e+06 1.027584e+06 1.061317e+06
2600 6.782565e+04 3.835709e+05 5.608804e+05 4.227669e+07 2.527905e+06 1.045774e+06 1.111757e+06 1.077789e+06 1.078403e+06 1.112803e+06
2700 5.681190e+04 4.202401e+05 5.722346e+05 4.194739e+07 2.488667e+06 1.123676e+06 1.172956e+06 1.142307e+06 1.142667e+06 1.173872e+06
2800 7.259072e+04 4.561169e+05 5.617783e+05 4.150500e+07 2.528582e+06 1.220819e+06 1.239392e+06 1.208921e+06 1.209488e+06 1.240528e+06
2900 8.703441e+04 4.755347e+05 5.067050e+05 4.095710e+07 2.621208e+06 1.416213e+06 1.314572e+06 1.274403e+06 1.274732e+06 1.315429e+06
3000 1.074822e+05 5.202528e+05 4.805334e+05 4.037843e+07 2.680783e+06 1.600593e+06 1.390736e+06 1.346881e+06 1.347397e+06 1.391460e+06
3100 1.091791e+05 5.507991e+05 5.006957e+05 3.992093e+07 2.726865e+06 1.712179e+06 1.450617e+06 1.411403e+06 1.411826e+06 1.451139e+06
3200 9.684135e+04 5.005475e+05 5.763392e+05 3.954879e+07 2.684978e+06 1.865156e+06 1.513381e+06 1.472427e+06 1.473218e+06 1.513643e+06
3300 1.002513e+05 4.731833e+05 5.678309e+05 3.926498e+07 2.665897e+06 1.988137e+06 1.568398e+06 1.524387e+06 1.524683e+06 1.568266e+06
3400 9.611853e+04 4.718154e+05 5.185639e+05 3.891098e+07 2.773060e+06 2.086395e+06 1.624644e+06 1.569043e+06 1.570046e+06 1.624530e+06
3500 6.731083e+04 4.884393e+05 4.243778e+05 3.853586e+07 2.937505e+06 2.150194e+06 1.694052e+06 1.626574e+06 1.627680e+06 1.693518e+06
3600 5.284878e+04 5.023190e+05 3.710816e+05 3.816945e+07 3.047632e+06 2.211663e+06 1.762930e+06 1.682192e+06 1.683108e+06 1.762146e+06
3700 6.066853e+04 5.107240e+05 3.230174e+05 3.780114e+07 3.117670e+06 2.316609e+06 1.819843e+06 1.737280e+06 1.739066e+06 1.819572e+06
3800 5.627143e+04 5.357761e+05 4.069315e+05 3.738578e+07 3.145576e+06 2.363230e+06 1.881420e+06 1.794457e+06 1.796550e+06 1.880581e+06
3900 6.771096e+04 5.544662e+05 4.545333e+05 3.695195e+07 3.142825e+06 2.435929e+06 1.952851e+06 1.866365e+06 1.867940e+06 1.952359e+06
4000 8.133773e+04 5.386399e+05 5.085946e+05 3.656873e+07 3.119975e+06 2.592382e+06 2.001587e+06 1.917542e+06 1.918552e+06 2.000109e+06
4100 7.627203e+04 5.521762e+05 5.077421e+05 3.629978e+07 3.064024e+06 2.778503e+06 2.033177e+06 1.950914e+06 1.952491e+06 2.032577e+06
4200 6.384537e+04 5.995089e+05 4.678366e+05 3.605868e+07 3.040745e+06 2.901934e+06 2.068201e+06 1.989473e+06 1.990536e+06 2.067148e+06
4300 6.131445e+04 6.546726e+05 4.275444e+05 3.584424e+07 3.069636e+06 2.918357e+06 2.106613e+06 2.030728e+06 2.030299e+06 2.104746e+06
4400 5.686514e+04 6.606745e+05 4.564572e+05 3.559814e+07 3.053598e+06 2.949306e+06 2.159794e+06 2.078055e+06 2.078314e+06 2.157359e+06
4500 5.288922e+04 7.056326e+05 5.245344e+05 3.532672e+07 3.033275e+06 2.948679e+06 2.208253e+06 2.121606e+06 2.121794e+06 2.205775e+06
4600 5.203167e+04 7.366037e+05 5.750263e+05 3.506102e+07 3.058166e+06 2.880622e+06 2.265640e+06 2.179086e+06 2.179614e+06 2.261849e+06
4700 5.565760e+04 7.836319e+05 5.679558e+05 3.473665e+07 3.092670e+06 2.796280e+06 2.350571e+06 2.259264e+06 2.259607e+06 2.347606e+06
4800 5.735160e+04 8.052184e+05 5.379515e+05 3.435698e+07 3.147866e+06 2.820106e+06 2.426698e+06 2.337222e+06 2.336680e+06 2.423874e+06
4900 5.638401e+04 8.091346e+05 5.001039e+05 3.404718e+07 3.090724e+06 2.988204e+06 2.486872e+06 2.393791e+06 2.393890e+06 2.483622e+06
5000 5.533480e+04 8.437484e+05 5.010186e+05 3.372347e+07 3.037776e+06 3.070277e+06 2.552417e+06 2.458288e+06 2.458252e+06 2.549586e+06
5100 5.191036e+04 8.465417e+05 5.149468e+05 3.343050e+07 2.994135e+06 3.087511e+06 2.630989e+06 2.533417e+06 2.533055e+06 2.627321e+06
5200 5.361226e+04 8.190458e+05 5.107759e+05 3.313633e+07 2.962234e+06 3.063165e+06 2.730398e+06 2.625823e+06 2.624460e+06 2.724408e+06
5300 6.221938e+04 8.501393e+05 4.729932e+05 3.278493e+07 2.993586e+06 3.060094e+06 2.814192e+06 2.702403e+06 2.702488e+06 2.807326e+06
5400 6.368833e+04 8.641652e+05 4.538721e+05 3.245208e+07 3.003917e+06 3.147280e+06 2.876725e+06 2.758097e+06 2.757664e+06 2.872890e+06
5500 6.499191e+04 8.824734e+05 4.248825e+05 3.211879e+07 3.024021e+06 3.277585e+06 2.926669e+06 2.804151e+06 2.802210e+06 2.924526e+06
5600 6.616168e+04 9.101772e+05 4.164463e+05 3.178634e+07 3.065881e+06 3.379955e+06 2.968617e+06 2.845813e+06 2.843124e+06 2.967900e+06
5700 6.927741e+04 9.154675e+05 4.245391e+05 3.147212e+07 3.105022e+06 3.458118e+06 3.012626e+06 2.891777e+06 2.889420e+06 3.012203e+06
5800 7.454087e+04 9.568864e+05 4.293982e+05 3.112426e+07 3.108049e+06 3.558674e+06 3.062530e+06 2.940399e+06 2.937077e+06 3.059023e+06
5900 7.525034e+04 9.744131e+05 4.414960e+05 3.075744e+07 3.093861e+06 3.670196e+06 3.122528e+06 3.000110e+06 2.996921e+06 3.118994e+06
6000 7.942983e+04 9.644196e+05 4.483519e+05 3.035605e+07 3.086431e+06 3.766908e+06 3.200875e+06 3.076359e+06 3.074998e+06 3.197473e+06
6100 8.513787e+04 9.769180e+05 4.445173e+05 2.995456e+07 3.089625e+06 3.873847e+06 3.270293e+06 3.146165e+06 3.147712e+06 3.262693e+06
6200 9.459618e+04 9.678436e+05 4.541423e+05 2.956955e+07 3.071114e+06 4.005035e+06 3.336456e+06 3.212971e+06 3.215145e+06 3.324689e+06
6300 1.013933e+05 9.524683e+05 4.770505e+05 2.919213e+07 3.061685e+06 4.120430e+06 3.399459e+06 3.278959e+06 3.281341e+06 3.386672e+06
6400 1.074802e+05 9.631467e+05 4.569304e+05 2.879974e+07 3.131177e+06 4.217758e+06 3.453471e+06 3.339140e+06 3.341729e+06 3.441128e+06
6500 1.023318e+05 9.387697e+05 3.813344e+05 2.837120e+07 3.294138e+06 4.385009e+06 3.500533e+06 3.394393e+06 3.396923e+06 3.486657e+06
6600 9.309225e+04 9.434880e+05 3.167070e+05 2.788951e+07 3.441134e+06 4.588710e+06 3.551504e+06 3.445145e+06 3.446769e+06 3.535036e+06
6700 9.796411e+04 9.337845e+05 2.738511e+05 2.745020e+07 3.499391e+06 4.762061e+06 3.620068e+06 3.507167e+06 3.506967e+06 3.599554e+06
6800 1.045971e+05 9.523659e+05 3.061113e+05 2.704485e+07 3.466998e+06 4.907566e+06 3.684988e+06 3.561748e+06 3.559293e+06 3.662804e+06
6900 1.026964e+05 9.105761e+05 3.779028e+05 2.673584e+07 3.375832e+06 5.037198e+06 3.745200e+06 3.619749e+06 3.620637e+06 3.725903e+06
7000 9.358930e+04 8.343119e+05 4.333296e+05 2.650994e+07 3.267668e+06 5.182563e+06 3.797488e+06 3.673089e+06 3.677872e+06 3.781755e+06
7100 8.751864e+04 7.367269e+05 4.154571e+05 2.639167e+07 3.215621e+06 5.367731e+06 3.822771e+06 3.696353e+06 3.706129e+06 3.811308e+06
7200 9.094662e+04 6.876798e+05 3.148324e+05 2.621439e+07 3.249626e+06 5.473575e+06 3.874021e+06 3.735298e+06 3.747762e+06 3.862656e+06
7300 9.906270e+04 6.703623e+05 1.854505e+05 2.595705e+07 3.350877e+06 5.600843e+06 3.918537e+06 3.770735e+06 3.785869e+06 3.911571e+06
7400 1.060197e+05 6.276226e+05 1.231504e+05 2.570795e+07 3.390151e+06 5.728127e+06 3.966818e+06 3.813029e+06 3.827645e+06 3.959459e+06
7500 1.077624e+05 6.172462e+05 1.614001e+05 2.547319e+07 3.398442e+06 5.787297e+06 4.001306e+06 3.847295e+06 3.861964e+06 3.994213e+06
7600 1.024086e+05 6.312309e+05 2.555012e+05 2.528278e+07 3.409050e+06 5.719038e+06 4.038715e+06 3.885109e+06 3.897396e+06 4.029353e+06
7700 9.574372e+04 6.808283e+05 3.408447e+05 2.508494e+07 3.421529e+06 5.577093e+06 4.089386e+06 3.937314e+06 3.947564e+06 4.075954e+06
7800 9.074719e+04 7.008725e+05 3.684579e+05 2.498369e+07 3.458102e+06 5.395737e+06 4.140550e+06 3.989888e+06 4.000347e+06 4.123085e+06
7900 8.507393e+04 6.424214e+05 3.282296e+05 2.503134e+07 3.523949e+06 5.203679e+06 4.186519e+06 4.041487e+06 4.045576e+06 4.162866e+06
8000 9.091643e+04 5.904888e+05 2.756621e+05 2.517426e+07 3.548033e+06 5.040551e+06 4.207869e+06 4.066374e+06 4.070584e+06 4.185988e+06
8100 9.186381e+04 5.360166e+05 2.630820e+05 2.533386e+07 3.491219e+06 4.930224e+06 4.224435e+06 4.087508e+06 4.091876e+06 4.200330e+06
8200 8.811002e+04 5.757220e+05 2.840472e+05 2.545422e+07 3.382029e+06 4.824892e+06 4.232802e+06 4.096956e+06 4.103035e+06 4.208843e+06
8300 8.336892e+04 6.447484e+05 3.090851e+05 2.548043e+07 3.281794e+06 4.727802e+06 4.253696e+06 4.116188e+06 4.124329e+06 4.229591e+06
8400 8.255717e+04 6.950149e+05 3.039547e+05 2.549464e+07 3.200550e+06 4.641774e+06 4.279137e+06 4.143632e+06 4.153352e+06 4.256695e+06
8500 8.550447e+04 6.824984e+05 2.749021e+05 2.556238e+07 3.126980e+06 4.628153e+06 4.292857e+06 4.159265e+06 4.168540e+06 4.270241e+06
8600 8.149927e+04 6.658456e+05 2.461030e+05 2.568154e+07 3.118334e+06 4.524074e+06 4.306565e+06 4.170709e+06 4.175563e+06 4.280959e+06
8700 7.239279e+04 6.477584e+05 2.298032e+05 2.581790e+07 3.112243e+06 4.467913e+06 4.300176e+06 4.161866e+06 4.164668e+06 4.276270e+06
8800 5.935421e+04 6.207597e+05 2.340214e+05 2.594787e+07 3.107991e+06 4.462030e+06 4.281559e+06 4.138143e+06 4.140779e+06 4.258364e+06
8900 5.264224e+04 5.947262e+05 2.517579e+05 2.605621e+07 3.062789e+06 4.510521e+06 4.260267e+06 4.112952e+06 4.112720e+06 4.236318e+06
9000 5.088243e+04 6.058897e+05 2.684538e+05 2.613892e+07 2.993266e+06 4.541778e+06 4.244573e+06 4.095261e+06 4.092403e+06 4.219694e+06
9100 5.034068e+04 5.751798e+05 2.645377e+05 2.623611e+07 2.930541e+06 4.589607e+06 4.232753e+06 4.083705e+06 4.080203e+06 4.208197e+06
9200 5.310914e+04 5.775238e+05 2.580941e+05 2.632167e+07 2.862785e+06 4.604676e+06 4.224023e+06 4.076226e+06 4.073735e+06 4.199453e+06
9300 5.406045e+04 6.066412e+05 2.578298e+05 2.642107e+07 2.782669e+06 4.560435e+06 4.222292e+06 4.075583e+06 4.072970e+06 4.197953e+06
9400 5.207039e+04 6.301409e+05 2.517350e+05 2.653920e+07 2.704296e+06 4.512167e+06 4.219365e+06 4.074458e+06 4.071379e+06 4.196827e+06
9500 4.695291e+04 6.036725e+05 2.375989e+05 2.665377e+07 2.643542e+06 4.514076e+06 4.214527e+06 4.071710e+06 4.070753e+06 4.194954e+06
9600 4.349703e+04 5.808142e+05 2.171533e+05 2.674101e+07 2.608457e+06 4.508736e+06 4.212234e+06 4.071340e+06 4.073317e+06 4.194897e+06
9700 4.686433e+04 5.795831e+05 1.951788e+05 2.680905e+07 2.596715e+06 4.477931e+06 4.209988e+06 4.068866e+06 4.072832e+06 4.194429e+06
9800 4.713790e+04 5.898787e+05 1.915703e+05 2.687821e+07 2.593887e+06 4.429710e+06 4.203444e+06 4.063256e+06 4.066412e+06 4.188024e+06
9900 4.225591e+04 5.464265e+05 2.025570e+05 2.693424e+07 2.599304e+06 4.425896e+06 4.197715e+06 4.060364e+06 4.062142e+06 4.180580e+06
10000 3.915888e+04 4.919940e+05 2.228314e+05 2.694924e+07 2.603717e+06 4.437500e+06 4.200033e+06 4.062044e+06 4.062695e+06 4.182259e+06
10100 4.119135e+04 4.572277e+05 2.332374e+05 2.692079e+07 2.612354e+06 4.457202e+06 4.207042e+06 4.066522e+06 4.068253e+06 4.187755e+06
10200 4.488779e+04 4.618991e+05 2.272309e+05 2.682059e+07 2.629028e+06 4.481057e+06 4.221874e+06 4.079515e+06 4.082913e+06 4.202745e+06
10300 4.744720e+04 4.397437e+05 2.077106e+05 2.671565e+07 2.655542e+06 4.504149e+06 4.245806e+06 4.102859e+06 4.106495e+06 4.226296e+06
10400 4.906843e+04 4.339651e+05 1.982601e+05 2.666848e+07 2.657110e+06 4.488090e+06 4.265948e+06 4.122019e+06 4.124106e+06 4.244712e+06
10500 4.796824e+04 4.075679e+05 2.099446e+05 2.664343e+07 2.636716e+06 4.498275e+06 4.278884e+06 4.135199e+06 4.136175e+06 4.257634e+06
10600 4.636538e+04 4.014665e+05 2.439701e+05 2.658429e+07 2.605477e+06 4.501239e+06 4.294314e+06 4.150502e+06 4.151115e+06 4.273241e+06
10700 4.458974e+04 4.402331e+05 2.670954e+05 2.647930e+07 2.595792e+06 4.480453e+06 4.313994e+06 4.168297e+06 4.170089e+06 4.292443e+06
10800 4.337451e+04 4.537171e+05 2.588398e+05 2.634806e+07 2.636545e+06 4.484209e+06 4.335373e+06 4.188149e+06 4.190267e+06 4.313871e+06
10900 4.291815e+04 4.495797e+05 2.174248e+05 2.619385e+07 2.730407e+06 4.495460e+06 4.359531e+06 4.211415e+06 4.213724e+06 4.338032e+06
11000 4.212898e+04 4.621311e+05 1.642695e+05 2.602322e+07 2.848684e+06 4.486842e+06 4.385537e+06 4.236796e+06 4.239147e+06 4.363528e+06
11100 4.157231e+04 5.068930e+05 1.262253e+05 2.583660e+07 2.948599e+06 4.452078e+06 4.414978e+06 4.265414e+06 4.267053e+06 4.393003e+06
11200 4.310013e+04 5.671458e+05 1.221876e+05 2.562831e+07 2.994079e+06 4.427632e+06 4.447630e+06 4.297742e+06 4.298945e+06 4.425974e+06
11300 4.199684e+04 6.011898e+05 1.483504e+05 2.541329e+07 2.989595e+06 4.446653e+06 4.483294e+06 4.333232e+06 4.334018e+06 4.461444e+06
11400 4.089853e+04 6.075072e+05 1.916064e+05 2.518733e+07 2.957836e+06 4.512817e+06 4.519233e+06 4.369530e+06 4.369099e+06 4.497506e+06
11500 4.468441e+04 5.919869e+05 2.197323e+05 2.497023e+07 2.931345e+06 4.605354e+06 4.552802e+06 4.403602e+06 4.402222e+06 4.531580e+06
11600 4.941546e+04 5.315589e+05 2.238359e+05 2.477260e+07 2.934315e+06 4.729534e+06 4.583928e+06 4.434325e+06 4.432806e+06 4.561141e+06
11700 5.104962e+04 4.593774e+05 2.154393e+05 2.458441e+07 2.969561e+06 4.831119e+06 4.617260e+06 4.466995e+06 4.465272e+06 4.592833e+06
11800 5.090916e+04 4.234854e+05 2.073764e+05 2.439311e+07 3.024394e+06 4.874248e+06 4.652084e+06 4.501405e+06 4.499197e+06 4.627070e+06
11900 4.879719e+04 4.459189e+05 1.924880e+05 2.420065e+07 3.094637e+06 4.855823e+06 4.685976e+06 4.534897e+06 4.532793e+06 4.661453e+06
12000 4.608359e+04 4.591935e+05 1.830918e+05 2.401603e+07 3.162995e+06 4.841917e+06 4.718223e+06 4.566792e+06 4.564648e+06 4.694562e+06
12100 4.529088e+04 4.745329e+05 1.760035e+05 2.383740e+07 3.231762e+06 4.819095e+06 4.749708e+06 4.597720e+06 4.595553e+06 4.726576e+06
12200 4.417977e+04 4.686070e+05 1.669334e+05 2.369353e+07 3.293322e+06 4.813611e+06 4.776049e+06 4.623125e+06 4.621199e+06 4.753135e+06
12300 4.010454e+04 4.386498e+05 1.579973e+05 2.359993e+07 3.332898e+06 4.843933e+06 4.792986e+06 4.638992e+06 4.637687e+06 4.770474e+06
12400 3.407670e+04 3.799662e+05 1.594357e+05 2.355752e+07 3.334064e+06 4.908807e+06 4.803189e+06 4.648665e+06 4.647877e+06 4.779962e+06
12500 2.990998e+04 3.243110e+05 1.642776e+05 2.355193e+07 3.303427e+06 4.958314e+06 4.814027e+06 4.659447e+06 4.658062e+06 4.789815e+06
12600 2.843487e+04 2.893099e+05 1.682296e+05 2.353740e+07 3.262328e+06 4.985408e+06 4.830063e+06 4.675057e+06 4.672903e+06 4.804424e+06
12700 2.962911e+04 2.669233e+05 1.634053e+05 2.351760e+07 3.226760e+06 5.005865e+06 4.846436e+06 4.690287e+06 4.687461e+06 4.819257e+06
12800 3.060208e+04 2.483562e+05 1.650093e+05 2.350955e+07 3.186860e+06 5.040130e+06 4.854219e+06 4.697573e+06 4.694539e+06 4.826871e+06
12900 3.240369e+04 2.640794e+05 1.782404e+05 2.350834e+07 3.143940e+06 5.060644e+06 4.851702e+06 4.695912e+06 4.693006e+06 4.825636e+06
13000 3.466458e+04 3.040623e+05 2.008009e+05 2.350145e+07 3.100447e+06 5.075203e+06 4.843738e+06 4.689215e+06 4.686136e+06 4.818482e+06
13100 3.598448e+04 3.444374e+05 2.119400e+05 2.349586e+07 3.073686e+06 5.100776e+06 4.831459e+06 4.678374e+06 4.675073e+06 4.806879e+06
13200 3.756813e+04 3.642772e+05 2.047623e+05 2.350454e+07 3.061584e+06 5.140581e+06 4.818046e+06 4.666094e+06 4.663138e+06 4.794045e+06
13300 3.848803e+04 3.463910e+05 1.770545e+05 2.353776e+07 3.066682e+06 5.182314e+06 4.808734e+06 4.657834e+06 4.654308e+06 4.785046e+06
13400 4.095942e+04 3.252707e+05 1.481078e+05 2.359241e+07 3.057928e+06 5.208860e+06 4.802462e+06 4.651754e+06 4.647940e+06 4.778858e+06
13500 4.224936e+04 3.164081e+05 1.311216e+05 2.367171e+07 3.026291e+06 5.206378e+06 4.797537e+06 4.646238e+06 4.642655e+06 4.773993e+06
13600 3.891654e+04 3.230032e+05 1.422525e+05 2.376016e+07 2.965914e+06 5.174015e+06 4.795355e+06 4.643415e+06 4.640029e+06 4.771687e+06
13700 3.355365e+04 3.412879e+05 1.702880e+05 2.382726e+07 2.904384e+06 5.123731e+06 4.796930e+06 4.643409e+06 4.640667e+06 4.773488e+06
13800 3.027896e+04 3.384392e+05 1.980524e+05 2.388326e+07 2.858378e+06 5.078909e+06 4.801795e+06 4.645365e+06 4.642695e+06 4.778039e+06
13900 2.840114e+04 3.407258e+05 2.033621e+05 2.394992e+07 2.846895e+06 5.023114e+06 4.801077e+06 4.643671e+06 4.640621e+06 4.777559e+06
14000 2.734547e+04 3.574400e+05 1.883406e+05 2.403682e+07 2.860427e+06 4.945241e+06 4.794753e+06 4.637989e+06 4.634917e+06 4.772172e+06
14100 2.784428e+04 3.590062e+05 1.688674e+05 2.414555e+07 2.877491e+06 4.872176e+06 4.785926e+06 4.628700e+06 4.626049e+06 4.763875e+06
14200 2.784918e+04 3.398173e+05 1.652043e+05 2.427997e+07 2.870156e+06 4.811974e+06 4.774732e+06 4.617570e+06 4.615442e+06 4.752801e+06
14300 2.726561e+04 2.948890e+05 1.797841e+05 2.443038e+07 2.837377e+06 4.776183e+06 4.762254e+06 4.605070e+06 4.603076e+06 4.739264e+06
